          0.959949526         0.233688990         0.011118220         1.207323696         1.193963022         0.000000264         1.997336151         0.667278660
        105.930338749
          0.944773537         0.243560377         0.010521148         1.190823811         1.182071460         0.000000269         2.019303545         0.660832110
        117.934366912
          0.949558484         0.245572210         0.010418917         1.187575529         1.179896574         0.000000270         2.019717777         0.659520581
        120.131344083
          0.949888894         0.245827908         0.010406282         1.187117222         1.179631596         0.000000270         2.019628795         0.659307054
        120.466646430
          0.949888894         0.245827908         0.010406282         1.187117222         1.179631596         0.000000270         2.019628795         0.659307054
        120.466646430
          0.949888895         0.245827908         0.010406282         1.187117222         1.179631595         0.000000270         2.019628795         0.659307054
        120.466646430
          0.949888895         0.245827908         0.010406282         1.187117222         1.179631595         0.000000270         2.019628795         0.659307054
        120.466646431
          0.949888895         0.245827909         0.010406282         1.187117222         1.179631595         0.000000270         2.019628795         0.659307054
        120.466646431
          0.949888895         0.245827909         0.010406282         1.187117222         1.179631594         0.000000270         2.019628795         0.659307054
        120.466646431
          0.949888895         0.245827909         0.010406282         1.187117222         1.179631594         0.000000270         2.019628795         0.659307054
        120.466646431
          0.949888896         0.245827909         0.010406282         1.187117222         1.179631593         0.000000270         2.019628795         0.659307054
        120.466646431
